0, 0, -849099872, 32759, -849258819
0.01, 0, -849099872, 32759, -849258819
0.02, 0, -849099872, 32759, -849258819
0.03, 0, -849099872, 32759, -849258819
0.04, 0, -849099872, 32759, -849258819
0.05, 0, -849099872, 32759, -849258819
0.06, 0, -849099872, 32759, -849258819
0.07, 0, -849099872, 32759, -849258819
0.08, 0, -849099872, 32759, -849258819
0.09, 0, -849099872, 32759, -849258819
0.1, 0, -849099872, 32759, -849258819
0.11, 0, -849099872, 32759, -849258819
0.12, 0, -849099872, 32759, -849258819
0.13, 0, -849099872, 32759, -849258819
0.14, 0, -849099872, 32759, -849258819
0.15, 0, -849099872, 32759, -849258819
0.16, 0, -849099872, 32759, -849258819
0.17, 0, -849099872, 32759, -849258819
0.18, 0, -849099872, 32759, -849258819
0.19, 0, -849099872, 32759, -849258819
0.2, 0, -849099872, 32759, -849258819
0.21, 0, -849099872, 32759, -849258819
0.22, 0, -849099872, 32759, -849258819
0.23, 0, -849099872, 32759, -849258819
0.24, 0, -849099872, 32759, -849258819
0.25, 0, -849099872, 32759, -849258819
0.26, 0, -849099872, 32759, -849258819
0.27, 0, -849099872, 32759, -849258819
0.28, 0, -849099872, 32759, -849258819
0.29, 0, -849099872, 32759, -849258819
0.3, 0, -849099872, 32759, -849258819
0.31, 0, -849099872, 32759, -849258819
0.32, 0, -849099872, 32759, -849258819
0.33, 0, -849099872, 32759, -849258819
0.34, 0, -849099872, 32759, -849258819
0.35, 0, -849099872, 32759, -849258819
0.36, 0, -849099872, 32759, -849258819
0.37, 0, -849099872, 32759, -849258819
0.38, 0, -849099872, 32759, -849258819
0.39, 0, -849099872, 32759, -849258819
0.4, 0, -849099872, 32759, -849258819
0.41, 0, -849099872, 32759, -849258819
0.42, 0, -849099872, 32759, -849258819
0.43, 0, -849099872, 32759, -849258819
0.44, 0, -849099872, 32759, -849258819
0.45, 0, -849099872, 32759, -849258819
0.46, 0, -849099872, 32759, -849258819
0.47, 0, -849099872, 32759, -849258819
0.48, 0, -849099872, 32759, -849258819
0.49, 0, -849099872, 32759, -849258819
0.5, 0, -849099872, 32759, -849258819
0.51, 0, -849099872, 32759, -849258819
0.52, 0, -849099872, 32759, -849258819
0.53, 0, -849099872, 32759, -849258819
0.54, 0, -849099872, 32759, -849258819
0.55, 0, -849099872, 32759, -849258819
0.56, 0, -849099872, 32759, -849258819
0.57, 0, -849099872, 32759, -849258819
0.58, 0, -849099872, 32759, -849258819
0.59, 0, -849099872, 32759, -849258819
0.6, 0, -849099872, 32759, -849258819
0.61, 0, -849099872, 32759, -849258819
0.62, 0, -849099872, 32759, -849258819
0.63, 0, -849099872, 32759, -849258819
0.64, 0, -849099872, 32759, -849258819
0.65, 0, -849099872, 32759, -849258819
0.66, 0, -849099872, 32759, -849258819
0.67, 0, -849099872, 32759, -849258819
0.68, 0, -849099872, 32759, -849258819
0.69, 0, -849099872, 32759, -849258819
0.7, 0, -849099872, 32759, -849258819
0.71, 0, -849099872, 32759, -849258819
0.72, 0, -849099872, 32759, -849258819
0.73, 0, -849099872, 32759, -849258819
0.74, 0, -849099872, 32759, -849258819
0.75, 0, -849099872, 32759, -849258819
0.76, 0, -849099872, 32759, -849258819
0.77, 0, -849099872, 32759, -849258819
0.78, 0, -849099872, 32759, -849258819
0.79, 0, -849099872, 32759, -849258819
0.8, 0, -849099872, 32759, -849258819
0.81, 0, -849099872, 32759, -849258819
0.82, 0, -849099872, 32759, -849258819
0.83, 0, -849099872, 32759, -849258819
0.84, 0, -849099872, 32759, -849258819
0.85, 0, -849099872, 32759, -849258819
0.86, 0, -849099872, 32759, -849258819
0.87, 0, -849099872, 32759, -849258819
0.88, 0, -849099872, 32759, -849258819
0.89, 0, -849099872, 32759, -849258819
0.9, 0, -849099872, 32759, -849258819
0.91, 0, -849099872, 32759, -849258819
0.92, 0, -849099872, 32759, -849258819
0.93, 0, -849099872, 32759, -849258819
0.94, 0, -849099872, 32759, -849258819
0.95, 0, -849099872, 32759, -849258819
0.96, 0, -849099872, 32759, -849258819
0.97, 0, -849099872, 32759, -849258819
0.98, 0, -849099872, 32759, -849258819
0.99, 0, -849099872, 32759, -849258819
1, 0, -849099872, 32759, -849258819
1.01, 0, -849099872, 32759, -849258819
1.02, 0, -849099872, 32759, -849258819
1.03, 0, -849099872, 32759, -849258819
1.04, 0, -849099872, 32759, -849258819
1.05, 0, -849099872, 32759, -849258819
1.06, 0, -849099872, 32759, -849258819
1.07, 0, -849099872, 32759, -849258819
1.08, 0, -849099872, 32759, -849258819
1.09, 0, -849099872, 32759, -849258819
1.1, 0, -849099872, 32759, -849258819
1.11, 0, -849099872, 32759, -849258819
1.12, 0, -849099872, 32759, -849258819
1.13, 0, -849099872, 32759, -849258819
1.14, 0, -849099872, 32759, -849258819
1.15, 0, -849099872, 32759, -849258819
1.16, 0, -849099872, 32759, -849258819
1.17, 0, -849099872, 32759, -849258819
1.18, 0, -849099872, 32759, -849258819
1.19, 0, -849099872, 32759, -849258819
1.2, 0, -849099872, 32759, -849258819
1.21, 0, -849099872, 32759, -849258819
1.22, 0, -849099872, 32759, -849258819
1.23, 0, -849099872, 32759, -849258819
1.24, 0, -849099872, 32759, -849258819
1.25, 0, -849099872, 32759, -849258819
1.26, 0, -849099872, 32759, -849258819
1.27, 0, -849099872, 32759, -849258819
1.28, 0, -849099872, 32759, -849258819
1.29, 0, -849099872, 32759, -849258819
1.3, 0, -849099872, 32759, -849258819
1.31, 0, -849099872, 32759, -849258819
1.32, 0, -849099872, 32759, -849258819
1.33, 0, -849099872, 32759, -849258819
1.34, 0, -849099872, 32759, -849258819
1.35, 0, -849099872, 32759, -849258819
1.36, 0, -849099872, 32759, -849258819
1.37, 0, -849099872, 32759, -849258819
1.38, 0, -849099872, 32759, -849258819
1.39, 0, -849099872, 32759, -849258819
1.4, 0, -849099872, 32759, -849258819
1.41, 0, -849099872, 32759, -849258819
1.42, 0, -849099872, 32759, -849258819
1.43, 0, -849099872, 32759, -849258819
1.44, 0, -849099872, 32759, -849258819
1.45, 0, -849099872, 32759, -849258819
1.46, 0, -849099872, 32759, -849258819
1.47, 0, -849099872, 32759, -849258819
1.48, 0, -849099872, 32759, -849258819
1.49, 0, -849099872, 32759, -849258819
1.5, 0, -849099872, 32759, -849258819
1.51, 0, -849099872, 32759, -849258819
1.52, 0, -849099872, 32759, -849258819
1.53, 0, -849099872, 32759, -849258819
1.54, 0, -849099872, 32759, -849258819
1.55, 0, -849099872, 32759, -849258819
1.56, 0, -849099872, 32759, -849258819
1.57, 0, -849099872, 32759, -849258819
1.58, 0, -849099872, 32759, -849258819
1.59, 0, -849099872, 32759, -849258819
1.6, 0, -849099872, 32759, -849258819
1.61, 0, -849099872, 32759, -849258819
1.62, 0, -849099872, 32759, -849258819
1.63, 0, -849099872, 32759, -849258819
1.64, 0, -849099872, 32759, -849258819
1.65, 0, -849099872, 32759, -849258819
1.66, 0, -849099872, 32759, -849258819
1.67, 0, -849099872, 32759, -849258819
1.68, 0, -849099872, 32759, -849258819
1.69, 0, -849099872, 32759, -849258819
1.7, 0, -849099872, 32759, -849258819
1.71, 0, -849099872, 32759, -849258819
1.72, 0, -849099872, 32759, -849258819
1.73, 0, -849099872, 32759, -849258819
1.74, 0, -849099872, 32759, -849258819
1.75, 0, -849099872, 32759, -849258819
1.76, 0, -849099872, 32759, -849258819
1.77, 0, -849099872, 32759, -849258819
1.78, 0, -849099872, 32759, -849258819
1.79, 0, -849099872, 32759, -849258819
1.8, 0, -849099872, 32759, -849258819
1.81, 0, -849099872, 32759, -849258819
1.82, 0, -849099872, 32759, -849258819
1.83, 0, -849099872, 32759, -849258819
1.84, 0, -849099872, 32759, -849258819
1.85, 0, -849099872, 32759, -849258819
1.86, 0, -849099872, 32759, -849258819
1.87, 0, -849099872, 32759, -849258819
1.88, 0, -849099872, 32759, -849258819
1.89, 0, -849099872, 32759, -849258819
1.9, 0, -849099872, 32759, -849258819
1.91, 0, -849099872, 32759, -849258819
1.92, 0, -849099872, 32759, -849258819
1.93, 0, -849099872, 32759, -849258819
1.94, 0, -849099872, 32759, -849258819
1.95, 0, -849099872, 32759, -849258819
1.96, 0, -849099872, 32759, -849258819
1.97, 0, -849099872, 32759, -849258819
1.98, 0, -849099872, 32759, -849258819
1.99, 0, -849099872, 32759, -849258819
2, 0, -849099872, 32759, -849258819
2.01, 0, -849099872, 32759, -849258819
2.02, 0, -849099872, 32759, -849258819
2.03, 0, -849099872, 32759, -849258819
2.04, 0, -849099872, 32759, -849258819
2.05, 0, -849099872, 32759, -849258819
2.06, 0, -849099872, 32759, -849258819
2.07, 0, -849099872, 32759, -849258819
2.08, 0, -849099872, 32759, -849258819
2.09, 0, -849099872, 32759, -849258819
2.1, 0, -849099872, 32759, -849258819
2.11, 0, -849099872, 32759, -849258819
2.12, 0, -849099872, 32759, -849258819
2.13, 0, -849099872, 32759, -849258819
2.14, 0, -849099872, 32759, -849258819
2.15, 0, -849099872, 32759, -849258819
2.16, 0, -849099872, 32759, -849258819
2.17, 0, -849099872, 32759, -849258819
2.18, 0, -849099872, 32759, -849258819
2.19, 0, -849099872, 32759, -849258819
2.2, 0, -849099872, 32759, -849258819
2.21, 0, -849099872, 32759, -849258819
2.22, 0, -849099872, 32759, -849258819
2.23, 0, -849099872, 32759, -849258819
2.24, 0, -849099872, 32759, -849258819
2.25, 0, -849099872, 32759, -849258819
2.26, 0, -849099872, 32759, -849258819
2.27, 0, -849099872, 32759, -849258819
2.28, 0, -849099872, 32759, -849258819
2.29, 0, -849099872, 32759, -849258819
2.3, 0, -849099872, 32759, -849258819
2.31, 0, -849099872, 32759, -849258819
2.32, 0, -849099872, 32759, -849258819
2.33, 0, -849099872, 32759, -849258819
2.34, 0, -849099872, 32759, -849258819
2.35, 0, -849099872, 32759, -849258819
2.36, 0, -849099872, 32759, -849258819
2.37, 0, -849099872, 32759, -849258819
2.38, 0, -849099872, 32759, -849258819
2.39, 0, -849099872, 32759, -849258819
2.4, 0, -849099872, 32759, -849258819
2.41, 0, -849099872, 32759, -849258819
2.42, 0, -849099872, 32759, -849258819
2.43, 0, -849099872, 32759, -849258819
2.44, 0, -849099872, 32759, -849258819
2.45, 0, -849099872, 32759, -849258819
2.46, 0, -849099872, 32759, -849258819
2.47, 0, -849099872, 32759, -849258819
2.48, 0, -849099872, 32759, -849258819
2.49, 0, -849099872, 32759, -849258819
2.5, 0, -849099872, 32759, -849258819
2.51, 0, -849099872, 32759, -849258819
2.52, 0, -849099872, 32759, -849258819
2.53, 0, -849099872, 32759, -849258819
2.54, 0, -849099872, 32759, -849258819
2.55, 0, -849099872, 32759, -849258819
2.56, 0, -849099872, 32759, -849258819
2.57, 0, -849099872, 32759, -849258819
2.58, 0, -849099872, 32759, -849258819
2.59, 0, -849099872, 32759, -849258819
2.6, 0, -849099872, 32759, -849258819
2.61, 0, -849099872, 32759, -849258819
2.62, 0, -849099872, 32759, -849258819
2.63, 0, -849099872, 32759, -849258819
2.64, 0, -849099872, 32759, -849258819
2.65, 0, -849099872, 32759, -849258819
2.66, 0, -849099872, 32759, -849258819
2.67, 0, -849099872, 32759, -849258819
2.68, 0, -849099872, 32759, -849258819
2.69, 0, -849099872, 32759, -849258819
2.7, 0, -849099872, 32759, -849258819
2.71, 0, -849099872, 32759, -849258819
2.72, 0, -849099872, 32759, -849258819
2.73, 0, -849099872, 32759, -849258819
2.74, 0, -849099872, 32759, -849258819
2.75, 0, -849099872, 32759, -849258819
2.76, 0, -849099872, 32759, -849258819
2.77, 0, -849099872, 32759, -849258819
2.78, 0, -849099872, 32759, -849258819
2.79, 0, -849099872, 32759, -849258819
2.8, 0, -849099872, 32759, -849258819
2.81, 0, -849099872, 32759, -849258819
2.82, 0, -849099872, 32759, -849258819
2.83, 0, -849099872, 32759, -849258819
2.84, 0, -849099872, 32759, -849258819
2.85, 0, -849099872, 32759, -849258819
2.86, 0, -849099872, 32759, -849258819
2.87, 0, -849099872, 32759, -849258819
2.88, 0, -849099872, 32759, -849258819
2.89, 0, -849099872, 32759, -849258819
2.9, 0, -849099872, 32759, -849258819
2.91, 0, -849099872, 32759, -849258819
2.92, 0, -849099872, 32759, -849258819
2.93, 0, -849099872, 32759, -849258819
2.94, 0, -849099872, 32759, -849258819
2.95, 0, -849099872, 32759, -849258819
2.96, 0, -849099872, 32759, -849258819
2.97, 0, -849099872, 32759, -849258819
2.98, 0, -849099872, 32759, -849258819
2.99, 0, -849099872, 32759, -849258819
3, 0, -849099872, 32759, -849258819
3.01, 0, -849099872, 32759, -849258819
3.02, 0, -849099872, 32759, -849258819
3.03, 0, -849099872, 32759, -849258819
3.04, 0, -849099872, 32759, -849258819
3.05, 0, -849099872, 32759, -849258819
3.06, 0, -849099872, 32759, -849258819
3.07, 0, -849099872, 32759, -849258819
3.08, 0, -849099872, 32759, -849258819
3.09, 0, -849099872, 32759, -849258819
3.1, 0, -849099872, 32759, -849258819
3.11, 0, -849099872, 32759, -849258819
3.12, 0, -849099872, 32759, -849258819
3.13, 0, -849099872, 32759, -849258819
3.14, 0, -849099872, 32759, -849258819
3.15, 0, -849099872, 32759, -849258819
3.16, 0, -849099872, 32759, -849258819
3.17, 0, -849099872, 32759, -849258819
3.18, 0, -849099872, 32759, -849258819
3.19, 0, -849099872, 32759, -849258819
3.2, 0, -849099872, 32759, -849258819
3.21, 0, -849099872, 32759, -849258819
3.22, 0, -849099872, 32759, -849258819
3.23, 0, -849099872, 32759, -849258819
3.24, 0, -849099872, 32759, -849258819
3.25, 0, -849099872, 32759, -849258819
3.26, 0, -849099872, 32759, -849258819
3.27, 0, -849099872, 32759, -849258819
3.28, 0, -849099872, 32759, -849258819
3.29, 0, -849099872, 32759, -849258819
3.3, 0, -849099872, 32759, -849258819
3.31, 0, -849099872, 32759, -849258819
3.32, 0, -849099872, 32759, -849258819
3.33, 0, -849099872, 32759, -849258819
3.34, 0, -849099872, 32759, -849258819
3.35, 0, -849099872, 32759, -849258819
3.36, 0, -849099872, 32759, -849258819
3.37, 0, -849099872, 32759, -849258819
3.38, 0, -849099872, 32759, -849258819
3.39, 0, -849099872, 32759, -849258819
3.4, 0, -849099872, 32759, -849258819
3.41, 0, -849099872, 32759, -849258819
3.42, 0, -849099872, 32759, -849258819
3.43, 0, -849099872, 32759, -849258819
3.44, 0, -849099872, 32759, -849258819
3.45, 0, -849099872, 32759, -849258819
3.46, 0, -849099872, 32759, -849258819
3.47, 0, -849099872, 32759, -849258819
3.48, 0, -849099872, 32759, -849258819
3.49, 0, -849099872, 32759, -849258819
3.5, 0, -849099872, 32759, -849258819
3.51, 0, -849099872, 32759, -849258819
3.52, 0, -849099872, 32759, -849258819
3.53, 0, -849099872, 32759, -849258819
3.54, 0, -849099872, 32759, -849258819
3.55, 0, -849099872, 32759, -849258819
3.56, 0, -849099872, 32759, -849258819
3.57, 0, -849099872, 32759, -849258819
3.58, 0, -849099872, 32759, -849258819
3.59, 0, -849099872, 32759, -849258819
3.6, 0, -849099872, 32759, -849258819
3.61, 0, -849099872, 32759, -849258819
3.62, 0, -849099872, 32759, -849258819
3.63, 0, -849099872, 32759, -849258819
3.64, 0, -849099872, 32759, -849258819
3.65, 0, -849099872, 32759, -849258819
3.66, 0, -849099872, 32759, -849258819
3.67, 0, -849099872, 32759, -849258819
3.68, 0, -849099872, 32759, -849258819
3.69, 0, -849099872, 32759, -849258819
3.7, 0, -849099872, 32759, -849258819
3.71, 0, -849099872, 32759, -849258819
3.72, 0, -849099872, 32759, -849258819
3.73, 0, -849099872, 32759, -849258819
3.74, 0, -849099872, 32759, -849258819
3.75, 0, -849099872, 32759, -849258819
3.76, 0, -849099872, 32759, -849258819
3.77, 0, -849099872, 32759, -849258819
3.78, 0, -849099872, 32759, -849258819
3.79, 0, -849099872, 32759, -849258819
3.8, 0, -849099872, 32759, -849258819
3.81, 0, -849099872, 32759, -849258819
3.82, 0, -849099872, 32759, -849258819
3.83, 0, -849099872, 32759, -849258819
3.84, 0, -849099872, 32759, -849258819
3.85, 0, -849099872, 32759, -849258819
3.86, 0, -849099872, 32759, -849258819
3.87, 0, -849099872, 32759, -849258819
3.88, 0, -849099872, 32759, -849258819
3.89, 0, -849099872, 32759, -849258819
3.9, 0, -849099872, 32759, -849258819
3.91, 0, -849099872, 32759, -849258819
3.92, 0, -849099872, 32759, -849258819
3.93, 0, -849099872, 32759, -849258819
3.94, 0, -849099872, 32759, -849258819
3.95, 0, -849099872, 32759, -849258819
3.96, 0, -849099872, 32759, -849258819
3.97, 0, -849099872, 32759, -849258819
3.98, 0, -849099872, 32759, -849258819
3.99, 0, -849099872, 32759, -849258819
4, 0, -849099872, 32759, -849258819
4.01, 0, -849099872, 32759, -849258819
4.02, 0, -849099872, 32759, -849258819
4.03, 0, -849099872, 32759, -849258819
4.04, 0, -849099872, 32759, -849258819
4.05, 0, -849099872, 32759, -849258819
4.06, 0, -849099872, 32759, -849258819
4.07, 0, -849099872, 32759, -849258819
4.08, 0, -849099872, 32759, -849258819
4.09, 0, -849099872, 32759, -849258819
4.1, 0, -849099872, 32759, -849258819
4.11, 0, -849099872, 32759, -849258819
4.12, 0, -849099872, 32759, -849258819
4.13, 0, -849099872, 32759, -849258819
4.14, 0, -849099872, 32759, -849258819
4.15, 0, -849099872, 32759, -849258819
4.16, 0, -849099872, 32759, -849258819
4.17, 0, -849099872, 32759, -849258819
4.18, 0, -849099872, 32759, -849258819
4.19, 0, -849099872, 32759, -849258819
4.2, 0, -849099872, 32759, -849258819
4.21, 0, -849099872, 32759, -849258819
4.22, 0, -849099872, 32759, -849258819
4.23, 0, -849099872, 32759, -849258819
4.24, 0, -849099872, 32759, -849258819
4.25, 0, -849099872, 32759, -849258819
4.26, 0, -849099872, 32759, -849258819
4.27, 0, -849099872, 32759, -849258819
4.28, 0, -849099872, 32759, -849258819
4.29, 0, -849099872, 32759, -849258819
4.3, 0, -849099872, 32759, -849258819
4.31, 0, -849099872, 32759, -849258819
4.32, 0, -849099872, 32759, -849258819
4.33, 0, -849099872, 32759, -849258819
4.34, 0, -849099872, 32759, -849258819
4.35, 0, -849099872, 32759, -849258819
4.36, 0, -849099872, 32759, -849258819
4.37, 0, -849099872, 32759, -849258819
4.38, 0, -849099872, 32759, -849258819
4.39, 0, -849099872, 32759, -849258819
4.4, 0, -849099872, 32759, -849258819
4.41, 0, -849099872, 32759, -849258819
4.42, 0, -849099872, 32759, -849258819
4.43, 0, -849099872, 32759, -849258819
4.44, 0, -849099872, 32759, -849258819
4.45, 0, -849099872, 32759, -849258819
4.46, 0, -849099872, 32759, -849258819
4.47, 0, -849099872, 32759, -849258819
4.48, 0, -849099872, 32759, -849258819
4.49, 0, -849099872, 32759, -849258819
4.5, 0, -849099872, 32759, -849258819
4.51, 0, -849099872, 32759, -849258819
4.52, 0, -849099872, 32759, -849258819
4.53, 0, -849099872, 32759, -849258819
4.54, 0, -849099872, 32759, -849258819
4.55, 0, -849099872, 32759, -849258819
4.56, 0, -849099872, 32759, -849258819
4.57, 0, -849099872, 32759, -849258819
4.58, 0, -849099872, 32759, -849258819
4.59, 0, -849099872, 32759, -849258819
4.6, 0, -849099872, 32759, -849258819
4.61, 0, -849099872, 32759, -849258819
4.62, 0, -849099872, 32759, -849258819
4.63, 0, -849099872, 32759, -849258819
4.64, 0, -849099872, 32759, -849258819
4.65, 0, -849099872, 32759, -849258819
4.66, 0, -849099872, 32759, -849258819
4.67, 0, -849099872, 32759, -849258819
4.68, 0, -849099872, 32759, -849258819
4.69, 0, -849099872, 32759, -849258819
4.7, 0, -849099872, 32759, -849258819
4.71, 0, -849099872, 32759, -849258819
4.72, 0, -849099872, 32759, -849258819
4.73, 0, -849099872, 32759, -849258819
4.74, 0, -849099872, 32759, -849258819
4.75, 0, -849099872, 32759, -849258819
4.76, 0, -849099872, 32759, -849258819
4.77, 0, -849099872, 32759, -849258819
4.78, 0, -849099872, 32759, -849258819
4.79, 0, -849099872, 32759, -849258819
4.8, 0, -849099872, 32759, -849258819
4.81, 0, -849099872, 32759, -849258819
4.82, 0, -849099872, 32759, -849258819
4.83, 0, -849099872, 32759, -849258819
4.84, 0, -849099872, 32759, -849258819
4.85, 0, -849099872, 32759, -849258819
4.86, 0, -849099872, 32759, -849258819
4.87, 0, -849099872, 32759, -849258819
4.88, 0, -849099872, 32759, -849258819
4.89, 0, -849099872, 32759, -849258819
4.9, 0, -849099872, 32759, -849258819
4.91, 0, -849099872, 32759, -849258819
4.92, 0, -849099872, 32759, -849258819
4.93, 0, -849099872, 32759, -849258819
4.94, 0, -849099872, 32759, -849258819
4.95, 0, -849099872, 32759, -849258819
4.96, 0, -849099872, 32759, -849258819
4.97, 0, -849099872, 32759, -849258819
4.98, 0, -849099872, 32759, -849258819
4.99, 0, -849099872, 32759, -849258819
5, 0, -849099872, 32759, -849258819
5.01, 0, -849099872, 32759, -849258819
5.02, 0, -849099872, 32759, -849258819
5.03, 0, -849099872, 32759, -849258819
5.04, 0, -849099872, 32759, -849258819
5.05, 0, -849099872, 32759, -849258819
5.06, 0, -849099872, 32759, -849258819
5.07, 0, -849099872, 32759, -849258819
5.08, 0, -849099872, 32759, -849258819
5.09, 0, -849099872, 32759, -849258819
5.1, 0, -849099872, 32759, -849258819
5.11, 0, -849099872, 32759, -849258819
5.12, 0, -849099872, 32759, -849258819
5.13, 0, -849099872, 32759, -849258819
5.14, 0, -849099872, 32759, -849258819
5.15, 0, -849099872, 32759, -849258819
5.16, 0, -849099872, 32759, -849258819
5.17, 0, -849099872, 32759, -849258819
5.18, 0, -849099872, 32759, -849258819
5.19, 0, -849099872, 32759, -849258819
5.2, 0, -849099872, 32759, -849258819
5.21, 0, -849099872, 32759, -849258819
5.22, 0, -849099872, 32759, -849258819
5.23, 0, -849099872, 32759, -849258819
5.24, 0, -849099872, 32759, -849258819
5.25, 0, -849099872, 32759, -849258819
5.26, 0, -849099872, 32759, -849258819
5.27, 0, -849099872, 32759, -849258819
5.28, 0, -849099872, 32759, -849258819
5.29, 0, -849099872, 32759, -849258819
5.3, 0, -849099872, 32759, -849258819
5.31, 0, -849099872, 32759, -849258819
5.32, 0, -849099872, 32759, -849258819
5.33, 0, -849099872, 32759, -849258819
5.34, 0, -849099872, 32759, -849258819
5.35, 0, -849099872, 32759, -849258819
5.36, 0, -849099872, 32759, -849258819
5.37, 0, -849099872, 32759, -849258819
5.38, 0, -849099872, 32759, -849258819
5.39, 0, -849099872, 32759, -849258819
5.4, 0, -849099872, 32759, -849258819
5.41, 0, -849099872, 32759, -849258819
5.42, 0, -849099872, 32759, -849258819
5.43, 0, -849099872, 32759, -849258819
5.44, 0, -849099872, 32759, -849258819
5.45, 0, -849099872, 32759, -849258819
5.46, 0, -849099872, 32759, -849258819
5.47, 0, -849099872, 32759, -849258819
5.48, 0, -849099872, 32759, -849258819
5.49, 0, -849099872, 32759, -849258819
5.5, 0, -849099872, 32759, -849258819
5.51, 0, -849099872, 32759, -849258819
5.52, 0, -849099872, 32759, -849258819
5.53, 0, -849099872, 32759, -849258819
5.54, 0, -849099872, 32759, -849258819
5.55, 0, -849099872, 32759, -849258819
5.56, 0, -849099872, 32759, -849258819
5.57, 0, -849099872, 32759, -849258819
5.58, 0, -849099872, 32759, -849258819
5.59, 0, -849099872, 32759, -849258819
5.6, 0, -849099872, 32759, -849258819
5.61, 0, -849099872, 32759, -849258819
5.62, 0, -849099872, 32759, -849258819
5.63, 0, -849099872, 32759, -849258819
5.64, 0, -849099872, 32759, -849258819
5.65, 0, -849099872, 32759, -849258819
5.66, 0, -849099872, 32759, -849258819
5.67, 0, -849099872, 32759, -849258819
5.68, 0, -849099872, 32759, -849258819
5.69, 0, -849099872, 32759, -849258819
5.7, 0, -849099872, 32759, -849258819
5.71, 0, -849099872, 32759, -849258819
5.72, 0, -849099872, 32759, -849258819
5.73, 0, -849099872, 32759, -849258819
5.74, 0, -849099872, 32759, -849258819
5.75, 0, -849099872, 32759, -849258819
5.76, 0, -849099872, 32759, -849258819
5.77, 0, -849099872, 32759, -849258819
5.78, 0, -849099872, 32759, -849258819
5.79, 0, -849099872, 32759, -849258819
5.8, 0, -849099872, 32759, -849258819
5.81, 0, -849099872, 32759, -849258819
5.82, 0, -849099872, 32759, -849258819
5.83, 0, -849099872, 32759, -849258819
5.84, 0, -849099872, 32759, -849258819
5.85, 0, -849099872, 32759, -849258819
5.86, 0, -849099872, 32759, -849258819
5.87, 0, -849099872, 32759, -849258819
5.88, 0, -849099872, 32759, -849258819
5.89, 0, -849099872, 32759, -849258819
5.9, 0, -849099872, 32759, -849258819
5.91, 0, -849099872, 32759, -849258819
5.92, 0, -849099872, 32759, -849258819
5.93, 0, -849099872, 32759, -849258819
5.94, 0, -849099872, 32759, -849258819
5.95, 0, -849099872, 32759, -849258819
5.96, 0, -849099872, 32759, -849258819
5.97, 0, -849099872, 32759, -849258819
5.98, 0, -849099872, 32759, -849258819
5.99, 0, -849099872, 32759, -849258819
6, 0, -849099872, 32759, -849258819
6.01, 0, -849099872, 32759, -849258819
6.02, 0, -849099872, 32759, -849258819
6.03, 0, -849099872, 32759, -849258819
6.04, 0, -849099872, 32759, -849258819
6.05, 0, -849099872, 32759, -849258819
6.06, 0, -849099872, 32759, -849258819
6.07, 0, -849099872, 32759, -849258819
6.08, 0, -849099872, 32759, -849258819
6.09, 0, -849099872, 32759, -849258819
6.1, 0, -849099872, 32759, -849258819
6.11, 0, -849099872, 32759, -849258819
6.12, 0, -849099872, 32759, -849258819
6.13, 0, -849099872, 32759, -849258819
6.14, 0, -849099872, 32759, -849258819
6.15, 0, -849099872, 32759, -849258819
6.16, 0, -849099872, 32759, -849258819
6.17, 0, -849099872, 32759, -849258819
6.18, 0, -849099872, 32759, -849258819
6.19, 0, -849099872, 32759, -849258819
6.2, 0, -849099872, 32759, -849258819
6.21, 0, -849099872, 32759, -849258819
6.22, 0, -849099872, 32759, -849258819
6.23, 0, -849099872, 32759, -849258819
6.24, 0, -849099872, 32759, -849258819
6.25, 0, -849099872, 32759, -849258819
6.26, 0, -849099872, 32759, -849258819
6.27, 0, -849099872, 32759, -849258819
6.28, 0, -849099872, 32759, -849258819
6.29, 0, -849099872, 32759, -849258819
6.3, 0, -849099872, 32759, -849258819
6.31, 0, -849099872, 32759, -849258819
6.32, 0, -849099872, 32759, -849258819
6.33, 0, -849099872, 32759, -849258819
6.34, 0, -849099872, 32759, -849258819
6.35, 0, -849099872, 32759, -849258819
6.36, 0, -849099872, 32759, -849258819
6.37, 0, -849099872, 32759, -849258819
6.38, 0, -849099872, 32759, -849258819
6.39, 0, -849099872, 32759, -849258819
6.4, 0, -849099872, 32759, -849258819
6.41, 0, -849099872, 32759, -849258819
6.42, 0, -849099872, 32759, -849258819
6.43, 0, -849099872, 32759, -849258819
6.44, 0, -849099872, 32759, -849258819
6.45, 0, -849099872, 32759, -849258819
6.46, 0, -849099872, 32759, -849258819
6.47, 0, -849099872, 32759, -849258819
6.48, 0, -849099872, 32759, -849258819
6.49, 0, -849099872, 32759, -849258819
6.5, 0, -849099872, 32759, -849258819
6.51, 0, -849099872, 32759, -849258819
6.52, 0, -849099872, 32759, -849258819
6.53, 0, -849099872, 32759, -849258819
6.54, 0, -849099872, 32759, -849258819
6.55, 0, -849099872, 32759, -849258819
6.56, 0, -849099872, 32759, -849258819
6.57, 0, -849099872, 32759, -849258819
6.58, 0, -849099872, 32759, -849258819
6.59, 0, -849099872, 32759, -849258819
6.6, 0, -849099872, 32759, -849258819
6.61, 0, -849099872, 32759, -849258819
6.62, 0, -849099872, 32759, -849258819
6.63, 0, -849099872, 32759, -849258819
6.64, 0, -849099872, 32759, -849258819
6.65, 0, -849099872, 32759, -849258819
6.66, 0, -849099872, 32759, -849258819
6.67, 0, -849099872, 32759, -849258819
6.68, 0, -849099872, 32759, -849258819
6.69, 0, -849099872, 32759, -849258819
6.7, 0, -849099872, 32759, -849258819
6.71, 0, -849099872, 32759, -849258819
6.72, 0, -849099872, 32759, -849258819
6.73, 0, -849099872, 32759, -849258819
6.74, 0, -849099872, 32759, -849258819
6.75, 0, -849099872, 32759, -849258819
6.76, 0, -849099872, 32759, -849258819
6.77, 0, -849099872, 32759, -849258819
6.78, 0, -849099872, 32759, -849258819
6.79, 0, -849099872, 32759, -849258819
6.8, 0, -849099872, 32759, -849258819
6.81, 0, -849099872, 32759, -849258819
6.82, 0, -849099872, 32759, -849258819
6.83, 0, -849099872, 32759, -849258819
6.84, 0, -849099872, 32759, -849258819
6.85, 0, -849099872, 32759, -849258819
6.86, 0, -849099872, 32759, -849258819
6.87, 0, -849099872, 32759, -849258819
6.88, 0, -849099872, 32759, -849258819
6.89, 0, -849099872, 32759, -849258819
6.9, 0, -849099872, 32759, -849258819
6.91, 0, -849099872, 32759, -849258819
6.92, 0, -849099872, 32759, -849258819
6.93, 0, -849099872, 32759, -849258819
6.94, 0, -849099872, 32759, -849258819
6.95, 0, -849099872, 32759, -849258819
6.96, 0, -849099872, 32759, -849258819
6.97, 0, -849099872, 32759, -849258819
6.98, 0, -849099872, 32759, -849258819
6.99, 0, -849099872, 32759, -849258819
7, 0, -849099872, 32759, -849258819
7.01, 0, -849099872, 32759, -849258819
7.02, 0, -849099872, 32759, -849258819
7.03, 0, -849099872, 32759, -849258819
7.04, 0, -849099872, 32759, -849258819
7.05, 0, -849099872, 32759, -849258819
7.06, 0, -849099872, 32759, -849258819
7.07, 0, -849099872, 32759, -849258819
7.08, 0, -849099872, 32759, -849258819
7.09, 0, -849099872, 32759, -849258819
7.1, 0, -849099872, 32759, -849258819
7.11, 0, -849099872, 32759, -849258819
7.12, 0, -849099872, 32759, -849258819
7.13, 0, -849099872, 32759, -849258819
7.14, 0, -849099872, 32759, -849258819
7.15, 0, -849099872, 32759, -849258819
7.16, 0, -849099872, 32759, -849258819
7.17, 0, -849099872, 32759, -849258819
7.18, 0, -849099872, 32759, -849258819
7.19, 0, -849099872, 32759, -849258819
7.2, 0, -849099872, 32759, -849258819
7.21, 0, -849099872, 32759, -849258819
7.22, 0, -849099872, 32759, -849258819
7.23, 0, -849099872, 32759, -849258819
7.24, 0, -849099872, 32759, -849258819
7.25, 0, -849099872, 32759, -849258819
7.26, 0, -849099872, 32759, -849258819
7.27, 0, -849099872, 32759, -849258819
7.28, 0, -849099872, 32759, -849258819
7.29, 0, -849099872, 32759, -849258819
7.3, 0, -849099872, 32759, -849258819
7.31, 0, -849099872, 32759, -849258819
7.32, 0, -849099872, 32759, -849258819
7.33, 0, -849099872, 32759, -849258819
7.34, 0, -849099872, 32759, -849258819
7.35, 0, -849099872, 32759, -849258819
7.36, 0, -849099872, 32759, -849258819
7.37, 0, -849099872, 32759, -849258819
7.38, 0, -849099872, 32759, -849258819
7.39, 0, -849099872, 32759, -849258819
7.4, 0, -849099872, 32759, -849258819
7.41, 0, -849099872, 32759, -849258819
7.42, 0, -849099872, 32759, -849258819
7.43, 0, -849099872, 32759, -849258819
7.44, 0, -849099872, 32759, -849258819
7.45, 0, -849099872, 32759, -849258819
7.46, 0, -849099872, 32759, -849258819
7.47, 0, -849099872, 32759, -849258819
7.48, 0, -849099872, 32759, -849258819
7.49, 0, -849099872, 32759, -849258819
7.5, 0, -849099872, 32759, -849258819
7.51, 0, -849099872, 32759, -849258819
7.52, 0, -849099872, 32759, -849258819
7.53, 0, -849099872, 32759, -849258819
7.54, 0, -849099872, 32759, -849258819
7.55, 0, -849099872, 32759, -849258819
7.56, 0, -849099872, 32759, -849258819
7.57, 0, -849099872, 32759, -849258819
7.58, 0, -849099872, 32759, -849258819
7.59, 0, -849099872, 32759, -849258819
7.6, 0, -849099872, 32759, -849258819
7.61, 0, -849099872, 32759, -849258819
7.62, 0, -849099872, 32759, -849258819
7.63, 0, -849099872, 32759, -849258819
7.64, 0, -849099872, 32759, -849258819
7.65, 0, -849099872, 32759, -849258819
7.66, 0, -849099872, 32759, -849258819
7.67, 0, -849099872, 32759, -849258819
7.68, 0, -849099872, 32759, -849258819
7.69, 0, -849099872, 32759, -849258819
7.7, 0, -849099872, 32759, -849258819
7.71, 0, -849099872, 32759, -849258819
7.72, 0, -849099872, 32759, -849258819
7.73, 0, -849099872, 32759, -849258819
7.74, 0, -849099872, 32759, -849258819
7.75, 0, -849099872, 32759, -849258819
7.76, 0, -849099872, 32759, -849258819
7.77, 0, -849099872, 32759, -849258819
7.78, 0, -849099872, 32759, -849258819
7.79, 0, -849099872, 32759, -849258819
7.8, 0, -849099872, 32759, -849258819
7.81, 0, -849099872, 32759, -849258819
7.82, 0, -849099872, 32759, -849258819
7.83, 0, -849099872, 32759, -849258819
7.84, 0, -849099872, 32759, -849258819
7.85, 0, -849099872, 32759, -849258819
7.86, 0, -849099872, 32759, -849258819
7.87, 0, -849099872, 32759, -849258819
7.88, 0, -849099872, 32759, -849258819
7.89, 0, -849099872, 32759, -849258819
7.9, 0, -849099872, 32759, -849258819
7.91, 0, -849099872, 32759, -849258819
7.92, 0, -849099872, 32759, -849258819
7.93, 0, -849099872, 32759, -849258819
7.94, 0, -849099872, 32759, -849258819
7.95, 0, -849099872, 32759, -849258819
7.96, 0, -849099872, 32759, -849258819
7.97, 0, -849099872, 32759, -849258819
7.98, 0, -849099872, 32759, -849258819
7.99, 0, -849099872, 32759, -849258819
8, 0, -849099872, 32759, -849258819
8.01, 0, -849099872, 32759, -849258819
8.02, 0, -849099872, 32759, -849258819
8.03, 0, -849099872, 32759, -849258819
8.04, 0, -849099872, 32759, -849258819
8.05, 0, -849099872, 32759, -849258819
8.06, 0, -849099872, 32759, -849258819
8.07, 0, -849099872, 32759, -849258819
8.08, 0, -849099872, 32759, -849258819
8.09, 0, -849099872, 32759, -849258819
8.1, 0, -849099872, 32759, -849258819
8.11, 0, -849099872, 32759, -849258819
8.12, 0, -849099872, 32759, -849258819
8.13, 0, -849099872, 32759, -849258819
8.14, 0, -849099872, 32759, -849258819
8.15, 0, -849099872, 32759, -849258819
8.16, 0, -849099872, 32759, -849258819
8.17, 0, -849099872, 32759, -849258819
8.18, 0, -849099872, 32759, -849258819
8.19, 0, -849099872, 32759, -849258819
8.2, 0, -849099872, 32759, -849258819
8.21, 0, -849099872, 32759, -849258819
8.22, 0, -849099872, 32759, -849258819
8.23, 0, -849099872, 32759, -849258819
8.24, 0, -849099872, 32759, -849258819
8.25, 0, -849099872, 32759, -849258819
8.26, 0, -849099872, 32759, -849258819
8.27, 0, -849099872, 32759, -849258819
8.28, 0, -849099872, 32759, -849258819
8.29, 0, -849099872, 32759, -849258819
8.3, 0, -849099872, 32759, -849258819
8.31, 0, -849099872, 32759, -849258819
8.32, 0, -849099872, 32759, -849258819
8.33, 0, -849099872, 32759, -849258819
8.34, 0, -849099872, 32759, -849258819
8.35, 0, -849099872, 32759, -849258819
8.36, 0, -849099872, 32759, -849258819
8.37, 0, -849099872, 32759, -849258819
8.38, 0, -849099872, 32759, -849258819
8.39, 0, -849099872, 32759, -849258819
8.4, 0, -849099872, 32759, -849258819
8.41, 0, -849099872, 32759, -849258819
8.42, 0, -849099872, 32759, -849258819
8.43, 0, -849099872, 32759, -849258819
8.44, 0, -849099872, 32759, -849258819
8.45, 0, -849099872, 32759, -849258819
8.46, 0, -849099872, 32759, -849258819
8.47, 0, -849099872, 32759, -849258819
8.48, 0, -849099872, 32759, -849258819
8.49, 0, -849099872, 32759, -849258819
8.5, 0, -849099872, 32759, -849258819
8.51, 0, -849099872, 32759, -849258819
8.52, 0, -849099872, 32759, -849258819
8.53, 0, -849099872, 32759, -849258819
8.54, 0, -849099872, 32759, -849258819
8.55, 0, -849099872, 32759, -849258819
8.56, 0, -849099872, 32759, -849258819
8.57, 0, -849099872, 32759, -849258819
8.58, 0, -849099872, 32759, -849258819
8.59, 0, -849099872, 32759, -849258819
8.6, 0, -849099872, 32759, -849258819
8.61, 0, -849099872, 32759, -849258819
8.62, 0, -849099872, 32759, -849258819
8.63, 0, -849099872, 32759, -849258819
8.64, 0, -849099872, 32759, -849258819
8.65, 0, -849099872, 32759, -849258819
8.66, 0, -849099872, 32759, -849258819
8.67, 0, -849099872, 32759, -849258819
8.68, 0, -849099872, 32759, -849258819
8.69, 0, -849099872, 32759, -849258819
8.7, 0, -849099872, 32759, -849258819
8.71, 0, -849099872, 32759, -849258819
8.72, 0, -849099872, 32759, -849258819
8.73, 0, -849099872, 32759, -849258819
8.74, 0, -849099872, 32759, -849258819
8.75, 0, -849099872, 32759, -849258819
8.76, 0, -849099872, 32759, -849258819
8.77, 0, -849099872, 32759, -849258819
8.78, 0, -849099872, 32759, -849258819
8.79, 0, -849099872, 32759, -849258819
8.8, 0, -849099872, 32759, -849258819
8.81, 0, -849099872, 32759, -849258819
8.82, 0, -849099872, 32759, -849258819
8.83, 0, -849099872, 32759, -849258819
8.84, 0, -849099872, 32759, -849258819
8.85, 0, -849099872, 32759, -849258819
8.86, 0, -849099872, 32759, -849258819
8.87, 0, -849099872, 32759, -849258819
8.88, 0, -849099872, 32759, -849258819
8.89, 0, -849099872, 32759, -849258819
8.9, 0, -849099872, 32759, -849258819
8.91, 0, -849099872, 32759, -849258819
8.92, 0, -849099872, 32759, -849258819
8.93, 0, -849099872, 32759, -849258819
8.94, 0, -849099872, 32759, -849258819
8.95, 0, -849099872, 32759, -849258819
8.96, 0, -849099872, 32759, -849258819
8.97, 0, -849099872, 32759, -849258819
8.98, 0, -849099872, 32759, -849258819
8.99, 0, -849099872, 32759, -849258819
9, 0, -849099872, 32759, -849258819
9.01, 0, -849099872, 32759, -849258819
9.02, 0, -849099872, 32759, -849258819
9.03, 0, -849099872, 32759, -849258819
9.04, 0, -849099872, 32759, -849258819
9.05, 0, -849099872, 32759, -849258819
9.06, 0, -849099872, 32759, -849258819
9.07, 0, -849099872, 32759, -849258819
9.08, 0, -849099872, 32759, -849258819
9.09, 0, -849099872, 32759, -849258819
9.1, 0, -849099872, 32759, -849258819
9.11, 0, -849099872, 32759, -849258819
9.12, 0, -849099872, 32759, -849258819
9.13, 0, -849099872, 32759, -849258819
9.14, 0, -849099872, 32759, -849258819
9.15, 0, -849099872, 32759, -849258819
9.16, 0, -849099872, 32759, -849258819
9.17, 0, -849099872, 32759, -849258819
9.18, 0, -849099872, 32759, -849258819
9.19, 0, -849099872, 32759, -849258819
9.2, 0, -849099872, 32759, -849258819
9.21, 0, -849099872, 32759, -849258819
9.22, 0, -849099872, 32759, -849258819
9.23, 0, -849099872, 32759, -849258819
9.24, 0, -849099872, 32759, -849258819
9.25, 0, -849099872, 32759, -849258819
9.26, 0, -849099872, 32759, -849258819
9.27, 0, -849099872, 32759, -849258819
9.28, 0, -849099872, 32759, -849258819
9.29, 0, -849099872, 32759, -849258819
9.3, 0, -849099872, 32759, -849258819
9.31, 0, -849099872, 32759, -849258819
9.32, 0, -849099872, 32759, -849258819
9.33, 0, -849099872, 32759, -849258819
9.34, 0, -849099872, 32759, -849258819
9.35, 0, -849099872, 32759, -849258819
9.36, 0, -849099872, 32759, -849258819
9.37, 0, -849099872, 32759, -849258819
9.38, 0, -849099872, 32759, -849258819
9.39, 0, -849099872, 32759, -849258819
9.4, 0, -849099872, 32759, -849258819
9.41, 0, -849099872, 32759, -849258819
9.42, 0, -849099872, 32759, -849258819
9.43, 0, -849099872, 32759, -849258819
9.44, 0, -849099872, 32759, -849258819
9.45, 0, -849099872, 32759, -849258819
9.46, 0, -849099872, 32759, -849258819
9.47, 0, -849099872, 32759, -849258819
9.48, 0, -849099872, 32759, -849258819
9.49, 0, -849099872, 32759, -849258819
9.5, 0, -849099872, 32759, -849258819
9.51, 0, -849099872, 32759, -849258819
9.52, 0, -849099872, 32759, -849258819
9.53, 0, -849099872, 32759, -849258819
9.54, 0, -849099872, 32759, -849258819
9.55, 0, -849099872, 32759, -849258819
9.56, 0, -849099872, 32759, -849258819
9.57, 0, -849099872, 32759, -849258819
9.58, 0, -849099872, 32759, -849258819
9.59, 0, -849099872, 32759, -849258819
9.6, 0, -849099872, 32759, -849258819
9.61, 0, -849099872, 32759, -849258819
9.62, 0, -849099872, 32759, -849258819
9.63, 0, -849099872, 32759, -849258819
9.64, 0, -849099872, 32759, -849258819
9.65, 0, -849099872, 32759, -849258819
9.66, 0, -849099872, 32759, -849258819
9.67, 0, -849099872, 32759, -849258819
9.68, 0, -849099872, 32759, -849258819
9.69, 0, -849099872, 32759, -849258819
9.7, 0, -849099872, 32759, -849258819
9.71, 0, -849099872, 32759, -849258819
9.72, 0, -849099872, 32759, -849258819
9.73, 0, -849099872, 32759, -849258819
9.74, 0, -849099872, 32759, -849258819
9.75, 0, -849099872, 32759, -849258819
9.76, 0, -849099872, 32759, -849258819
9.77, 0, -849099872, 32759, -849258819
9.78, 0, -849099872, 32759, -849258819
9.79, 0, -849099872, 32759, -849258819
9.8, 0, -849099872, 32759, -849258819
9.81, 0, -849099872, 32759, -849258819
9.82, 0, -849099872, 32759, -849258819
9.83, 0, -849099872, 32759, -849258819
9.84, 0, -849099872, 32759, -849258819
9.85, 0, -849099872, 32759, -849258819
9.86, 0, -849099872, 32759, -849258819
9.87, 0, -849099872, 32759, -849258819
9.88, 0, -849099872, 32759, -849258819
9.89, 0, -849099872, 32759, -849258819
9.9, 0, -849099872, 32759, -849258819
9.91, 0, -849099872, 32759, -849258819
9.92, 0, -849099872, 32759, -849258819
9.93, 0, -849099872, 32759, -849258819
9.94, 0, -849099872, 32759, -849258819
9.95, 0, -849099872, 32759, -849258819
9.96, 0, -849099872, 32759, -849258819
9.97, 0, -849099872, 32759, -849258819
9.98, 0, -849099872, 32759, -849258819
9.99, 0, -849099872, 32759, -849258819
10, 0, -849099872, 32759, -849258819
10.01, 0, -849099872, 32759, -849258819
10.02, 0, -849099872, 32759, -849258819
10.03, 0, -849099872, 32759, -849258819
10.04, 0, -849099872, 32759, -849258819
10.05, 0, -849099872, 32759, -849258819
10.06, 0, -849099872, 32759, -849258819
10.07, 0, -849099872, 32759, -849258819
10.08, 0, -849099872, 32759, -849258819
10.09, 0, -849099872, 32759, -849258819
10.1, 0, -849099872, 32759, -849258819
10.11, 0, -849099872, 32759, -849258819
10.12, 0, -849099872, 32759, -849258819
10.13, 0, -849099872, 32759, -849258819
10.14, 0, -849099872, 32759, -849258819
10.15, 0, -849099872, 32759, -849258819
10.16, 0, -849099872, 32759, -849258819
10.17, 0, -849099872, 32759, -849258819
10.18, 0, -849099872, 32759, -849258819
10.19, 0, -849099872, 32759, -849258819
10.2, 0, -849099872, 32759, -849258819
10.21, 0, -849099872, 32759, -849258819
10.22, 0, -849099872, 32759, -849258819
10.23, 0, -849099872, 32759, -849258819
10.24, 0, -849099872, 32759, -849258819
10.25, 0, -849099872, 32759, -849258819
10.26, 0, -849099872, 32759, -849258819
10.27, 0, -849099872, 32759, -849258819
10.28, 0, -849099872, 32759, -849258819
10.29, 0, -849099872, 32759, -849258819
10.3, 0, -849099872, 32759, -849258819
10.31, 0, -849099872, 32759, -849258819
10.32, 0, -849099872, 32759, -849258819
10.33, 0, -849099872, 32759, -849258819
10.34, 0, -849099872, 32759, -849258819
10.35, 0, -849099872, 32759, -849258819
10.36, 0, -849099872, 32759, -849258819
10.37, 0, -849099872, 32759, -849258819
10.38, 0, -849099872, 32759, -849258819
10.39, 0, -849099872, 32759, -849258819
10.4, 0, -849099872, 32759, -849258819
10.41, 0, -849099872, 32759, -849258819
10.42, 0, -849099872, 32759, -849258819
10.43, 0, -849099872, 32759, -849258819
10.44, 0, -849099872, 32759, -849258819
10.45, 0, -849099872, 32759, -849258819
10.46, 0, -849099872, 32759, -849258819
10.47, 0, -849099872, 32759, -849258819
10.48, 0, -849099872, 32759, -849258819
10.49, 0, -849099872, 32759, -849258819
10.5, 0, -849099872, 32759, -849258819
10.51, 0, -849099872, 32759, -849258819
10.52, 0, -849099872, 32759, -849258819
10.53, 0, -849099872, 32759, -849258819
10.54, 0, -849099872, 32759, -849258819
10.55, 0, -849099872, 32759, -849258819
10.56, 0, -849099872, 32759, -849258819
10.57, 0, -849099872, 32759, -849258819
10.58, 0, -849099872, 32759, -849258819
10.59, 0, -849099872, 32759, -849258819
10.6, 0, -849099872, 32759, -849258819
10.61, 0, -849099872, 32759, -849258819
10.62, 0, -849099872, 32759, -849258819
10.63, 0, -849099872, 32759, -849258819
10.64, 0, -849099872, 32759, -849258819
10.65, 0, -849099872, 32759, -849258819
10.66, 0, -849099872, 32759, -849258819
10.67, 0, -849099872, 32759, -849258819
10.68, 0, -849099872, 32759, -849258819
10.69, 0, -849099872, 32759, -849258819
10.7, 0, -849099872, 32759, -849258819
10.71, 0, -849099872, 32759, -849258819
10.72, 0, -849099872, 32759, -849258819
10.73, 0, -849099872, 32759, -849258819
10.74, 0, -849099872, 32759, -849258819
10.75, 0, -849099872, 32759, -849258819
10.76, 0, -849099872, 32759, -849258819
10.77, 0, -849099872, 32759, -849258819
10.78, 0, -849099872, 32759, -849258819
10.79, 0, -849099872, 32759, -849258819
10.8, 0, -849099872, 32759, -849258819
10.81, 0, -849099872, 32759, -849258819
10.82, 0, -849099872, 32759, -849258819
10.83, 0, -849099872, 32759, -849258819
10.84, 0, -849099872, 32759, -849258819
10.85, 0, -849099872, 32759, -849258819
10.86, 0, -849099872, 32759, -849258819
10.87, 0, -849099872, 32759, -849258819
10.88, 0, -849099872, 32759, -849258819
10.89, 0, -849099872, 32759, -849258819
10.9, 0, -849099872, 32759, -849258819
10.91, 0, -849099872, 32759, -849258819
10.92, 0, -849099872, 32759, -849258819
10.93, 0, -849099872, 32759, -849258819
10.94, 0, -849099872, 32759, -849258819
10.95, 0, -849099872, 32759, -849258819
10.96, 0, -849099872, 32759, -849258819
10.97, 0, -849099872, 32759, -849258819
10.98, 0, -849099872, 32759, -849258819
10.99, 0, -849099872, 32759, -849258819
11, 0, -849099872, 32759, -849258819
11.01, 0, -849099872, 32759, -849258819
11.02, 0, -849099872, 32759, -849258819
11.03, 0, -849099872, 32759, -849258819
11.04, 0, -849099872, 32759, -849258819
11.05, 0, -849099872, 32759, -849258819
11.06, 0, -849099872, 32759, -849258819
11.07, 0, -849099872, 32759, -849258819
11.08, 0, -849099872, 32759, -849258819
11.09, 0, -849099872, 32759, -849258819
11.1, 0, -849099872, 32759, -849258819
11.11, 0, -849099872, 32759, -849258819
11.12, 0, -849099872, 32759, -849258819
11.13, 0, -849099872, 32759, -849258819
11.14, 0, -849099872, 32759, -849258819
11.15, 0, -849099872, 32759, -849258819
11.16, 0, -849099872, 32759, -849258819
11.17, 0, -849099872, 32759, -849258819
11.18, 0, -849099872, 32759, -849258819
11.19, 0, -849099872, 32759, -849258819
11.2, 0, -849099872, 32759, -849258819
11.21, 0, -849099872, 32759, -849258819
11.22, 0, -849099872, 32759, -849258819
11.23, 0, -849099872, 32759, -849258819
11.24, 0, -849099872, 32759, -849258819
11.25, 0, -849099872, 32759, -849258819
11.26, 0, -849099872, 32759, -849258819
11.27, 0, -849099872, 32759, -849258819
11.28, 0, -849099872, 32759, -849258819
11.29, 0, -849099872, 32759, -849258819
11.3, 0, -849099872, 32759, -849258819
11.31, 0, -849099872, 32759, -849258819
11.32, 0, -849099872, 32759, -849258819
11.33, 0, -849099872, 32759, -849258819
11.34, 0, -849099872, 32759, -849258819
11.35, 0, -849099872, 32759, -849258819
11.36, 0, -849099872, 32759, -849258819
11.37, 0, -849099872, 32759, -849258819
11.38, 0, -849099872, 32759, -849258819
11.39, 0, -849099872, 32759, -849258819
11.4, 0, -849099872, 32759, -849258819
11.41, 0, -849099872, 32759, -849258819
11.42, 0, -849099872, 32759, -849258819
11.43, 0, -849099872, 32759, -849258819
11.44, 0, -849099872, 32759, -849258819
11.45, 0, -849099872, 32759, -849258819
11.46, 0, -849099872, 32759, -849258819
11.47, 0, -849099872, 32759, -849258819
11.48, 0, -849099872, 32759, -849258819
11.49, 0, -849099872, 32759, -849258819
11.5, 0, -849099872, 32759, -849258819
11.51, 0, -849099872, 32759, -849258819
11.52, 0, -849099872, 32759, -849258819
11.53, 0, -849099872, 32759, -849258819
11.54, 0, -849099872, 32759, -849258819
11.55, 0, -849099872, 32759, -849258819
11.56, 0, -849099872, 32759, -849258819
11.57, 0, -849099872, 32759, -849258819
11.58, 0, -849099872, 32759, -849258819
11.59, 0, -849099872, 32759, -849258819
11.6, 0, -849099872, 32759, -849258819
11.61, 0, -849099872, 32759, -849258819
11.62, 0, -849099872, 32759, -849258819
11.63, 0, -849099872, 32759, -849258819
11.64, 0, -849099872, 32759, -849258819
11.65, 0, -849099872, 32759, -849258819
11.66, 0, -849099872, 32759, -849258819
11.67, 0, -849099872, 32759, -849258819
11.68, 0, -849099872, 32759, -849258819
11.69, 0, -849099872, 32759, -849258819
11.7, 0, -849099872, 32759, -849258819
11.71, 0, -849099872, 32759, -849258819
11.72, 0, -849099872, 32759, -849258819
11.73, 0, -849099872, 32759, -849258819
11.74, 0, -849099872, 32759, -849258819
11.75, 0, -849099872, 32759, -849258819
11.76, 0, -849099872, 32759, -849258819
11.77, 0, -849099872, 32759, -849258819
11.78, 0, -849099872, 32759, -849258819
11.79, 0, -849099872, 32759, -849258819
11.8, 0, -849099872, 32759, -849258819
11.81, 0, -849099872, 32759, -849258819
11.82, 0, -849099872, 32759, -849258819
11.83, 0, -849099872, 32759, -849258819
11.84, 0, -849099872, 32759, -849258819
11.85, 0, -849099872, 32759, -849258819
11.86, 0, -849099872, 32759, -849258819
11.87, 0, -849099872, 32759, -849258819
11.88, 0, -849099872, 32759, -849258819
11.89, 0, -849099872, 32759, -849258819
11.9, 0, -849099872, 32759, -849258819
11.91, 0, -849099872, 32759, -849258819
11.92, 0, -849099872, 32759, -849258819
11.93, 0, -849099872, 32759, -849258819
11.94, 0, -849099872, 32759, -849258819
11.95, 0, -849099872, 32759, -849258819
11.96, 0, -849099872, 32759, -849258819
11.97, 0, -849099872, 32759, -849258819
11.98, 0, -849099872, 32759, -849258819
11.99, 0, -849099872, 32759, -849258819
12, 0, -849099872, 32759, -849258819
12.01, 0, -849099872, 32759, -849258819
12.02, 0, -849099872, 32759, -849258819
12.03, 0, -849099872, 32759, -849258819
12.04, 0, -849099872, 32759, -849258819
12.05, 0, -849099872, 32759, -849258819
12.06, 0, -849099872, 32759, -849258819
12.07, 0, -849099872, 32759, -849258819
12.08, 0, -849099872, 32759, -849258819
12.09, 0, -849099872, 32759, -849258819
12.1, 0, -849099872, 32759, -849258819
12.11, 0, -849099872, 32759, -849258819
12.12, 0, -849099872, 32759, -849258819
12.13, 0, -849099872, 32759, -849258819
12.14, 0, -849099872, 32759, -849258819
12.15, 0, -849099872, 32759, -849258819
12.16, 0, -849099872, 32759, -849258819
12.17, 0, -849099872, 32759, -849258819
12.18, 0, -849099872, 32759, -849258819
12.19, 0, -849099872, 32759, -849258819
12.2, 0, -849099872, 32759, -849258819
12.21, 0, -849099872, 32759, -849258819
12.22, 0, -849099872, 32759, -849258819
12.23, 0, -849099872, 32759, -849258819
12.24, 0, -849099872, 32759, -849258819
12.25, 0, -849099872, 32759, -849258819
12.26, 0, -849099872, 32759, -849258819
12.27, 0, -849099872, 32759, -849258819
12.28, 0, -849099872, 32759, -849258819
12.29, 0, -849099872, 32759, -849258819
12.3, 0, -849099872, 32759, -849258819
12.31, 0, -849099872, 32759, -849258819
12.32, 0, -849099872, 32759, -849258819
12.33, 0, -849099872, 32759, -849258819
12.34, 0, -849099872, 32759, -849258819
12.35, 0, -849099872, 32759, -849258819
12.36, 0, -849099872, 32759, -849258819
12.37, 0, -849099872, 32759, -849258819
12.38, 0, -849099872, 32759, -849258819
12.39, 0, -849099872, 32759, -849258819
12.4, 0, -849099872, 32759, -849258819
12.41, 0, -849099872, 32759, -849258819
12.42, 0, -849099872, 32759, -849258819
12.43, 0, -849099872, 32759, -849258819
12.44, 0, -849099872, 32759, -849258819
12.45, 0, -849099872, 32759, -849258819
12.46, 0, -849099872, 32759, -849258819
12.47, 0, -849099872, 32759, -849258819
12.48, 0, -849099872, 32759, -849258819
12.49, 0, -849099872, 32759, -849258819
12.5, 0, -849099872, 32759, -849258819
12.51, 0, -849099872, 32759, -849258819
12.52, 0, -849099872, 32759, -849258819
12.53, 0, -849099872, 32759, -849258819
12.54, 0, -849099872, 32759, -849258819
12.55, 0, -849099872, 32759, -849258819
12.56, 0, -849099872, 32759, -849258819
12.57, 0, -849099872, 32759, -849258819
12.58, 0, -849099872, 32759, -849258819
12.59, 0, -849099872, 32759, -849258819
12.6, 0, -849099872, 32759, -849258819
12.61, 0, -849099872, 32759, -849258819
12.62, 0, -849099872, 32759, -849258819
12.63, 0, -849099872, 32759, -849258819
12.64, 0, -849099872, 32759, -849258819
12.65, 0, -849099872, 32759, -849258819
12.66, 0, -849099872, 32759, -849258819
12.67, 0, -849099872, 32759, -849258819
12.68, 0, -849099872, 32759, -849258819
12.69, 0, -849099872, 32759, -849258819
12.7, 0, -849099872, 32759, -849258819
12.71, 0, -849099872, 32759, -849258819
12.72, 0, -849099872, 32759, -849258819
12.73, 0, -849099872, 32759, -849258819
12.74, 0, -849099872, 32759, -849258819
12.75, 0, -849099872, 32759, -849258819
12.76, 0, -849099872, 32759, -849258819
12.77, 0, -849099872, 32759, -849258819
12.78, 0, -849099872, 32759, -849258819
12.79, 0, -849099872, 32759, -849258819
12.8, 0, -849099872, 32759, -849258819
12.81, 0, -849099872, 32759, -849258819
12.82, 0, -849099872, 32759, -849258819
12.83, 0, -849099872, 32759, -849258819
12.84, 0, -849099872, 32759, -849258819
12.85, 0, -849099872, 32759, -849258819
12.86, 0, -849099872, 32759, -849258819
12.87, 0, -849099872, 32759, -849258819
12.88, 0, -849099872, 32759, -849258819
12.89, 0, -849099872, 32759, -849258819
12.9, 0, -849099872, 32759, -849258819
12.91, 0, -849099872, 32759, -849258819
12.92, 0, -849099872, 32759, -849258819
12.93, 0, -849099872, 32759, -849258819
12.94, 0, -849099872, 32759, -849258819
12.95, 0, -849099872, 32759, -849258819
12.96, 0, -849099872, 32759, -849258819
12.97, 0, -849099872, 32759, -849258819
12.98, 0, -849099872, 32759, -849258819
12.99, 0, -849099872, 32759, -849258819
13, 0, -849099872, 32759, -849258819
13.01, 0, -849099872, 32759, -849258819
13.02, 0, -849099872, 32759, -849258819
13.03, 0, -849099872, 32759, -849258819
13.04, 0, -849099872, 32759, -849258819
13.05, 0, -849099872, 32759, -849258819
13.06, 0, -849099872, 32759, -849258819
13.07, 0, -849099872, 32759, -849258819
13.08, 0, -849099872, 32759, -849258819
13.09, 0, -849099872, 32759, -849258819
13.1, 0, -849099872, 32759, -849258819
13.11, 0, -849099872, 32759, -849258819
13.12, 0, -849099872, 32759, -849258819
13.13, 0, -849099872, 32759, -849258819
13.14, 0, -849099872, 32759, -849258819
13.15, 0, -849099872, 32759, -849258819
13.16, 0, -849099872, 32759, -849258819
13.17, 0, -849099872, 32759, -849258819
13.18, 0, -849099872, 32759, -849258819
13.19, 0, -849099872, 32759, -849258819
13.2, 0, -849099872, 32759, -849258819
13.21, 0, -849099872, 32759, -849258819
13.22, 0, -849099872, 32759, -849258819
13.23, 0, -849099872, 32759, -849258819
13.24, 0, -849099872, 32759, -849258819
13.25, 0, -849099872, 32759, -849258819
13.26, 0, -849099872, 32759, -849258819
13.27, 0, -849099872, 32759, -849258819
13.28, 0, -849099872, 32759, -849258819
13.29, 0, -849099872, 32759, -849258819
13.3, 0, -849099872, 32759, -849258819
13.31, 0, -849099872, 32759, -849258819
13.32, 0, -849099872, 32759, -849258819
13.33, 0, -849099872, 32759, -849258819
13.34, 0, -849099872, 32759, -849258819
13.35, 0, -849099872, 32759, -849258819
13.36, 0, -849099872, 32759, -849258819
13.37, 0, -849099872, 32759, -849258819
13.38, 0, -849099872, 32759, -849258819
13.39, 0, -849099872, 32759, -849258819
13.4, 0, -849099872, 32759, -849258819
13.41, 0, -849099872, 32759, -849258819
13.42, 0, -849099872, 32759, -849258819
13.43, 0, -849099872, 32759, -849258819
13.44, 0, -849099872, 32759, -849258819
13.45, 0, -849099872, 32759, -849258819
13.46, 0, -849099872, 32759, -849258819
13.47, 0, -849099872, 32759, -849258819
13.48, 0, -849099872, 32759, -849258819
13.49, 0, -849099872, 32759, -849258819
13.5, 0, -849099872, 32759, -849258819
13.51, 0, -849099872, 32759, -849258819
13.52, 0, -849099872, 32759, -849258819
13.53, 0, -849099872, 32759, -849258819
13.54, 0, -849099872, 32759, -849258819
13.55, 0, -849099872, 32759, -849258819
13.56, 0, -849099872, 32759, -849258819
13.57, 0, -849099872, 32759, -849258819
13.58, 0, -849099872, 32759, -849258819
13.59, 0, -849099872, 32759, -849258819
13.6, 0, -849099872, 32759, -849258819
13.61, 0, -849099872, 32759, -849258819
13.62, 0, -849099872, 32759, -849258819
13.63, 0, -849099872, 32759, -849258819
13.64, 0, -849099872, 32759, -849258819
13.65, 0, -849099872, 32759, -849258819
13.66, 0, -849099872, 32759, -849258819
13.67, 0, -849099872, 32759, -849258819
13.68, 0, -849099872, 32759, -849258819
13.69, 0, -849099872, 32759, -849258819
13.7, 0, -849099872, 32759, -849258819
13.71, 0, -849099872, 32759, -849258819
13.72, 0, -849099872, 32759, -849258819
13.73, 0, -849099872, 32759, -849258819
13.74, 0, -849099872, 32759, -849258819
13.75, 0, -849099872, 32759, -849258819
13.76, 0, -849099872, 32759, -849258819
13.77, 0, -849099872, 32759, -849258819
13.78, 0, -849099872, 32759, -849258819
13.79, 0, -849099872, 32759, -849258819
13.8, 0, -849099872, 32759, -849258819
13.81, 0, -849099872, 32759, -849258819
13.82, 0, -849099872, 32759, -849258819
13.83, 0, -849099872, 32759, -849258819
13.84, 0, -849099872, 32759, -849258819
13.85, 0, -849099872, 32759, -849258819
13.86, 0, -849099872, 32759, -849258819
13.87, 0, -849099872, 32759, -849258819
13.88, 0, -849099872, 32759, -849258819
13.89, 0, -849099872, 32759, -849258819
13.9, 0, -849099872, 32759, -849258819
13.91, 0, -849099872, 32759, -849258819
13.92, 0, -849099872, 32759, -849258819
13.93, 0, -849099872, 32759, -849258819
13.94, 0, -849099872, 32759, -849258819
13.95, 0, -849099872, 32759, -849258819
13.96, 0, -849099872, 32759, -849258819
13.97, 0, -849099872, 32759, -849258819
13.98, 0, -849099872, 32759, -849258819
13.99, 0, -849099872, 32759, -849258819
14, 0, -849099872, 32759, -849258819
14.01, 0, -849099872, 32759, -849258819
14.02, 0, -849099872, 32759, -849258819
14.03, 0, -849099872, 32759, -849258819
14.04, 0, -849099872, 32759, -849258819
14.05, 0, -849099872, 32759, -849258819
14.06, 0, -849099872, 32759, -849258819
14.07, 0, -849099872, 32759, -849258819
14.08, 0, -849099872, 32759, -849258819
14.09, 0, -849099872, 32759, -849258819
14.1, 0, -849099872, 32759, -849258819
14.11, 0, -849099872, 32759, -849258819
14.12, 0, -849099872, 32759, -849258819
14.13, 0, -849099872, 32759, -849258819
14.14, 0, -849099872, 32759, -849258819
14.15, 0, -849099872, 32759, -849258819
14.16, 0, -849099872, 32759, -849258819
14.17, 0, -849099872, 32759, -849258819
14.18, 0, -849099872, 32759, -849258819
14.19, 0, -849099872, 32759, -849258819
14.2, 0, -849099872, 32759, -849258819
14.21, 0, -849099872, 32759, -849258819
14.22, 0, -849099872, 32759, -849258819
14.23, 0, -849099872, 32759, -849258819
14.24, 0, -849099872, 32759, -849258819
14.25, 0, -849099872, 32759, -849258819
14.26, 0, -849099872, 32759, -849258819
14.27, 0, -849099872, 32759, -849258819
14.28, 0, -849099872, 32759, -849258819
14.29, 0, -849099872, 32759, -849258819
14.3, 0, -849099872, 32759, -849258819
14.31, 0, -849099872, 32759, -849258819
14.32, 0, -849099872, 32759, -849258819
14.33, 0, -849099872, 32759, -849258819
14.34, 0, -849099872, 32759, -849258819
14.35, 0, -849099872, 32759, -849258819
14.36, 0, -849099872, 32759, -849258819
14.37, 0, -849099872, 32759, -849258819
14.38, 0, -849099872, 32759, -849258819
14.39, 0, -849099872, 32759, -849258819
14.4, 0, -849099872, 32759, -849258819
14.41, 0, -849099872, 32759, -849258819
14.42, 0, -849099872, 32759, -849258819
14.43, 0, -849099872, 32759, -849258819
14.44, 0, -849099872, 32759, -849258819
14.45, 0, -849099872, 32759, -849258819
14.46, 0, -849099872, 32759, -849258819
14.47, 0, -849099872, 32759, -849258819
14.48, 0, -849099872, 32759, -849258819
14.49, 0, -849099872, 32759, -849258819
14.5, 0, -849099872, 32759, -849258819
14.51, 0, -849099872, 32759, -849258819
14.52, 0, -849099872, 32759, -849258819
14.53, 0, -849099872, 32759, -849258819
14.54, 0, -849099872, 32759, -849258819
14.55, 0, -849099872, 32759, -849258819
14.56, 0, -849099872, 32759, -849258819
14.57, 0, -849099872, 32759, -849258819
14.58, 0, -849099872, 32759, -849258819
14.59, 0, -849099872, 32759, -849258819
14.6, 0, -849099872, 32759, -849258819
14.61, 0, -849099872, 32759, -849258819
14.62, 0, -849099872, 32759, -849258819
14.63, 0, -849099872, 32759, -849258819
14.64, 0, -849099872, 32759, -849258819
14.65, 0, -849099872, 32759, -849258819
14.66, 0, -849099872, 32759, -849258819
14.67, 0, -849099872, 32759, -849258819
14.68, 0, -849099872, 32759, -849258819
14.69, 0, -849099872, 32759, -849258819
14.7, 0, -849099872, 32759, -849258819
14.71, 0, -849099872, 32759, -849258819
14.72, 0, -849099872, 32759, -849258819
14.73, 0, -849099872, 32759, -849258819
14.74, 0, -849099872, 32759, -849258819
14.75, 0, -849099872, 32759, -849258819
14.76, 0, -849099872, 32759, -849258819
14.77, 0, -849099872, 32759, -849258819
14.78, 0, -849099872, 32759, -849258819
14.79, 0, -849099872, 32759, -849258819
14.8, 0, -849099872, 32759, -849258819
14.81, 0, -849099872, 32759, -849258819
14.82, 0, -849099872, 32759, -849258819
14.83, 0, -849099872, 32759, -849258819
14.84, 0, -849099872, 32759, -849258819
14.85, 0, -849099872, 32759, -849258819
14.86, 0, -849099872, 32759, -849258819
14.87, 0, -849099872, 32759, -849258819
14.88, 0, -849099872, 32759, -849258819
14.89, 0, -849099872, 32759, -849258819
14.9, 0, -849099872, 32759, -849258819
14.91, 0, -849099872, 32759, -849258819
14.92, 0, -849099872, 32759, -849258819
14.93, 0, -849099872, 32759, -849258819
14.94, 0, -849099872, 32759, -849258819
14.95, 0, -849099872, 32759, -849258819
14.96, 0, -849099872, 32759, -849258819
14.97, 0, -849099872, 32759, -849258819
14.98, 0, -849099872, 32759, -849258819
14.99, 0, -849099872, 32759, -849258819
15, 0, -849099872, 32759, -849258819
15.01, 0, -849099872, 32759, -849258819
15.02, 0, -849099872, 32759, -849258819
15.03, 0, -849099872, 32759, -849258819
15.04, 0, -849099872, 32759, -849258819
15.05, 0, -849099872, 32759, -849258819
15.06, 0, -849099872, 32759, -849258819
15.07, 0, -849099872, 32759, -849258819
15.08, 0, -849099872, 32759, -849258819
15.09, 0, -849099872, 32759, -849258819
15.1, 0, -849099872, 32759, -849258819
15.11, 0, -849099872, 32759, -849258819
15.12, 0, -849099872, 32759, -849258819
15.13, 0, -849099872, 32759, -849258819
15.14, 0, -849099872, 32759, -849258819
15.15, 0, -849099872, 32759, -849258819
15.16, 0, -849099872, 32759, -849258819
15.17, 0, -849099872, 32759, -849258819
15.18, 0, -849099872, 32759, -849258819
15.19, 0, -849099872, 32759, -849258819
15.2, 0, -849099872, 32759, -849258819
15.21, 0, -849099872, 32759, -849258819
15.22, 0, -849099872, 32759, -849258819
15.23, 0, -849099872, 32759, -849258819
15.24, 0, -849099872, 32759, -849258819
15.25, 0, -849099872, 32759, -849258819
15.26, 0, -849099872, 32759, -849258819
15.27, 0, -849099872, 32759, -849258819
15.28, 0, -849099872, 32759, -849258819
15.29, 0, -849099872, 32759, -849258819
15.3, 0, -849099872, 32759, -849258819
15.31, 0, -849099872, 32759, -849258819
15.32, 0, -849099872, 32759, -849258819
15.33, 0, -849099872, 32759, -849258819
15.34, 0, -849099872, 32759, -849258819
15.35, 0, -849099872, 32759, -849258819
15.36, 0, -849099872, 32759, -849258819
15.37, 0, -849099872, 32759, -849258819
15.38, 0, -849099872, 32759, -849258819
15.39, 0, -849099872, 32759, -849258819
15.4, 0, -849099872, 32759, -849258819
15.41, 0, -849099872, 32759, -849258819
15.42, 0, -849099872, 32759, -849258819
15.43, 0, -849099872, 32759, -849258819
15.44, 0, -849099872, 32759, -849258819
15.45, 0, -849099872, 32759, -849258819
15.46, 0, -849099872, 32759, -849258819
15.47, 0, -849099872, 32759, -849258819
15.48, 0, -849099872, 32759, -849258819
15.49, 0, -849099872, 32759, -849258819
15.5, 0, -849099872, 32759, -849258819
15.51, 0, -849099872, 32759, -849258819
15.52, 0, -849099872, 32759, -849258819
15.53, 0, -849099872, 32759, -849258819
15.54, 0, -849099872, 32759, -849258819
15.55, 0, -849099872, 32759, -849258819
15.56, 0, -849099872, 32759, -849258819
15.57, 0, -849099872, 32759, -849258819
15.58, 0, -849099872, 32759, -849258819
15.59, 0, -849099872, 32759, -849258819
15.6, 0, -849099872, 32759, -849258819
15.61, 0, -849099872, 32759, -849258819
15.62, 0, -849099872, 32759, -849258819
15.63, 0, -849099872, 32759, -849258819
15.64, 0, -849099872, 32759, -849258819
15.65, 0, -849099872, 32759, -849258819
15.66, 0, -849099872, 32759, -849258819
15.67, 0, -849099872, 32759, -849258819
15.68, 0, -849099872, 32759, -849258819
15.69, 0, -849099872, 32759, -849258819
15.7, 0, -849099872, 32759, -849258819
15.71, 0, -849099872, 32759, -849258819
15.72, 0, -849099872, 32759, -849258819
15.73, 0, -849099872, 32759, -849258819
15.74, 0, -849099872, 32759, -849258819
15.75, 0, -849099872, 32759, -849258819
15.76, 0, -849099872, 32759, -849258819
15.77, 0, -849099872, 32759, -849258819
15.78, 0, -849099872, 32759, -849258819
15.79, 0, -849099872, 32759, -849258819
15.8, 0, -849099872, 32759, -849258819
15.81, 0, -849099872, 32759, -849258819
15.82, 0, -849099872, 32759, -849258819
15.83, 0, -849099872, 32759, -849258819
15.84, 0, -849099872, 32759, -849258819
15.85, 0, -849099872, 32759, -849258819
15.86, 0, -849099872, 32759, -849258819
15.87, 0, -849099872, 32759, -849258819
15.88, 0, -849099872, 32759, -849258819
15.89, 0, -849099872, 32759, -849258819
15.9, 0, -849099872, 32759, -849258819
15.91, 0, -849099872, 32759, -849258819
15.92, 0, -849099872, 32759, -849258819
15.93, 0, -849099872, 32759, -849258819
15.94, 0, -849099872, 32759, -849258819
15.95, 0, -849099872, 32759, -849258819
15.96, 0, -849099872, 32759, -849258819
15.97, 0, -849099872, 32759, -849258819
15.98, 0, -849099872, 32759, -849258819
15.99, 0, -849099872, 32759, -849258819
16, 0, -849099872, 32759, -849258819
16.01, 0, -849099872, 32759, -849258819
16.02, 0, -849099872, 32759, -849258819
16.03, 0, -849099872, 32759, -849258819
16.04, 0, -849099872, 32759, -849258819
16.05, 0, -849099872, 32759, -849258819
16.06, 0, -849099872, 32759, -849258819
16.07, 0, -849099872, 32759, -849258819
16.08, 0, -849099872, 32759, -849258819
16.09, 0, -849099872, 32759, -849258819
16.1, 0, -849099872, 32759, -849258819
16.11, 0, -849099872, 32759, -849258819
16.12, 0, -849099872, 32759, -849258819
16.13, 0, -849099872, 32759, -849258819
16.14, 0, -849099872, 32759, -849258819
16.15, 0, -849099872, 32759, -849258819
16.16, 0, -849099872, 32759, -849258819
16.17, 0, -849099872, 32759, -849258819
16.18, 0, -849099872, 32759, -849258819
16.19, 0, -849099872, 32759, -849258819
16.2, 0, -849099872, 32759, -849258819
16.21, 0, -849099872, 32759, -849258819
16.22, 0, -849099872, 32759, -849258819
16.23, 0, -849099872, 32759, -849258819
16.24, 0, -849099872, 32759, -849258819
16.25, 0, -849099872, 32759, -849258819
16.26, 0, -849099872, 32759, -849258819
16.27, 0, -849099872, 32759, -849258819
16.28, 0, -849099872, 32759, -849258819
16.29, 0, -849099872, 32759, -849258819
16.3, 0, -849099872, 32759, -849258819
16.31, 0, -849099872, 32759, -849258819
16.32, 0, -849099872, 32759, -849258819
16.33, 0, -849099872, 32759, -849258819
16.34, 0, -849099872, 32759, -849258819
16.35, 0, -849099872, 32759, -849258819
16.36, 0, -849099872, 32759, -849258819
16.37, 0, -849099872, 32759, -849258819
16.38, 0, -849099872, 32759, -849258819
16.39, 0, -849099872, 32759, -849258819
16.4, 0, -849099872, 32759, -849258819
16.41, 0, -849099872, 32759, -849258819
16.42, 0, -849099872, 32759, -849258819
16.43, 0, -849099872, 32759, -849258819
16.44, 0, -849099872, 32759, -849258819
16.45, 0, -849099872, 32759, -849258819
16.46, 0, -849099872, 32759, -849258819
16.47, 0, -849099872, 32759, -849258819
16.48, 0, -849099872, 32759, -849258819
16.49, 0, -849099872, 32759, -849258819
16.5, 0, -849099872, 32759, -849258819
16.51, 0, -849099872, 32759, -849258819
16.52, 0, -849099872, 32759, -849258819
16.53, 0, -849099872, 32759, -849258819
16.54, 0, -849099872, 32759, -849258819
16.55, 0, -849099872, 32759, -849258819
16.56, 0, -849099872, 32759, -849258819
16.57, 0, -849099872, 32759, -849258819
16.58, 0, -849099872, 32759, -849258819
16.59, 0, -849099872, 32759, -849258819
16.6, 0, -849099872, 32759, -849258819
16.61, 0, -849099872, 32759, -849258819
16.62, 0, -849099872, 32759, -849258819
16.63, 0, -849099872, 32759, -849258819
16.64, 0, -849099872, 32759, -849258819
16.65, 0, -849099872, 32759, -849258819
16.66, 0, -849099872, 32759, -849258819
16.67, 0, -849099872, 32759, -849258819
16.68, 0, -849099872, 32759, -849258819
16.69, 0, -849099872, 32759, -849258819
16.7, 0, -849099872, 32759, -849258819
16.71, 0, -849099872, 32759, -849258819
16.72, 0, -849099872, 32759, -849258819
16.73, 0, -849099872, 32759, -849258819
16.74, 0, -849099872, 32759, -849258819
16.75, 0, -849099872, 32759, -849258819
16.76, 0, -849099872, 32759, -849258819
16.77, 0, -849099872, 32759, -849258819
16.78, 0, -849099872, 32759, -849258819
16.79, 0, -849099872, 32759, -849258819
16.8, 0, -849099872, 32759, -849258819
16.81, 0, -849099872, 32759, -849258819
16.82, 0, -849099872, 32759, -849258819
16.83, 0, -849099872, 32759, -849258819
16.84, 0, -849099872, 32759, -849258819
16.85, 0, -849099872, 32759, -849258819
16.86, 0, -849099872, 32759, -849258819
16.87, 0, -849099872, 32759, -849258819
16.88, 0, -849099872, 32759, -849258819
16.89, 0, -849099872, 32759, -849258819
16.9, 0, -849099872, 32759, -849258819
16.91, 0, -849099872, 32759, -849258819
16.92, 0, -849099872, 32759, -849258819
16.93, 0, -849099872, 32759, -849258819
16.94, 0, -849099872, 32759, -849258819
16.95, 0, -849099872, 32759, -849258819
16.96, 0, -849099872, 32759, -849258819
16.97, 0, -849099872, 32759, -849258819
16.98, 0, -849099872, 32759, -849258819
16.99, 0, -849099872, 32759, -849258819
17, 0, -849099872, 32759, -849258819
17.01, 0, -849099872, 32759, -849258819
17.02, 0, -849099872, 32759, -849258819
17.03, 0, -849099872, 32759, -849258819
17.04, 0, -849099872, 32759, -849258819
17.05, 0, -849099872, 32759, -849258819
17.06, 0, -849099872, 32759, -849258819
17.07, 0, -849099872, 32759, -849258819
17.08, 0, -849099872, 32759, -849258819
17.09, 0, -849099872, 32759, -849258819
17.1, 0, -849099872, 32759, -849258819
17.11, 0, -849099872, 32759, -849258819
17.12, 0, -849099872, 32759, -849258819
17.13, 0, -849099872, 32759, -849258819
17.14, 0, -849099872, 32759, -849258819
17.15, 0, -849099872, 32759, -849258819
17.16, 0, -849099872, 32759, -849258819
17.17, 0, -849099872, 32759, -849258819
17.18, 0, -849099872, 32759, -849258819
17.19, 0, -849099872, 32759, -849258819
17.2, 0, -849099872, 32759, -849258819
17.21, 0, -849099872, 32759, -849258819
17.22, 0, -849099872, 32759, -849258819
17.23, 0, -849099872, 32759, -849258819
17.24, 0, -849099872, 32759, -849258819
17.25, 0, -849099872, 32759, -849258819
17.26, 0, -849099872, 32759, -849258819
17.27, 0, -849099872, 32759, -849258819
17.28, 0, -849099872, 32759, -849258819
17.29, 0, -849099872, 32759, -849258819
17.3, 0, -849099872, 32759, -849258819
17.31, 0, -849099872, 32759, -849258819
17.32, 0, -849099872, 32759, -849258819
17.33, 0, -849099872, 32759, -849258819
17.34, 0, -849099872, 32759, -849258819
17.35, 0, -849099872, 32759, -849258819
17.36, 0, -849099872, 32759, -849258819
17.37, 0, -849099872, 32759, -849258819
17.38, 0, -849099872, 32759, -849258819
17.39, 0, -849099872, 32759, -849258819
17.4, 0, -849099872, 32759, -849258819
17.41, 0, -849099872, 32759, -849258819
17.42, 0, -849099872, 32759, -849258819
17.43, 0, -849099872, 32759, -849258819
17.44, 0, -849099872, 32759, -849258819
17.45, 0, -849099872, 32759, -849258819
17.46, 0, -849099872, 32759, -849258819
17.47, 0, -849099872, 32759, -849258819
17.48, 0, -849099872, 32759, -849258819
17.49, 0, -849099872, 32759, -849258819
17.5, 0, -849099872, 32759, -849258819
17.51, 0, -849099872, 32759, -849258819
17.52, 0, -849099872, 32759, -849258819
17.53, 0, -849099872, 32759, -849258819
17.54, 0, -849099872, 32759, -849258819
17.55, 0, -849099872, 32759, -849258819
17.56, 0, -849099872, 32759, -849258819
17.57, 0, -849099872, 32759, -849258819
17.58, 0, -849099872, 32759, -849258819
17.59, 0, -849099872, 32759, -849258819
17.6, 0, -849099872, 32759, -849258819
17.61, 0, -849099872, 32759, -849258819
17.62, 0, -849099872, 32759, -849258819
17.63, 0, -849099872, 32759, -849258819
17.64, 0, -849099872, 32759, -849258819
17.65, 0, -849099872, 32759, -849258819
17.66, 0, -849099872, 32759, -849258819
17.67, 0, -849099872, 32759, -849258819
17.68, 0, -849099872, 32759, -849258819
17.69, 0, -849099872, 32759, -849258819
17.7, 0, -849099872, 32759, -849258819
17.71, 0, -849099872, 32759, -849258819
17.72, 0, -849099872, 32759, -849258819
17.73, 0, -849099872, 32759, -849258819
17.74, 0, -849099872, 32759, -849258819
17.75, 0, -849099872, 32759, -849258819
17.76, 0, -849099872, 32759, -849258819
17.77, 0, -849099872, 32759, -849258819
17.78, 0, -849099872, 32759, -849258819
17.79, 0, -849099872, 32759, -849258819
17.8, 0, -849099872, 32759, -849258819
17.81, 0, -849099872, 32759, -849258819
17.82, 0, -849099872, 32759, -849258819
17.83, 0, -849099872, 32759, -849258819
17.84, 0, -849099872, 32759, -849258819
17.85, 0, -849099872, 32759, -849258819
17.86, 0, -849099872, 32759, -849258819
17.87, 0, -849099872, 32759, -849258819
17.88, 0, -849099872, 32759, -849258819
17.89, 0, -849099872, 32759, -849258819
17.9, 0, -849099872, 32759, -849258819
17.91, 0, -849099872, 32759, -849258819
17.92, 0, -849099872, 32759, -849258819
17.93, 0, -849099872, 32759, -849258819
17.94, 0, -849099872, 32759, -849258819
17.95, 0, -849099872, 32759, -849258819
17.96, 0, -849099872, 32759, -849258819
17.97, 0, -849099872, 32759, -849258819
17.98, 0, -849099872, 32759, -849258819
17.99, 0, -849099872, 32759, -849258819
18, 0, -849099872, 32759, -849258819
18.01, 0, -849099872, 32759, -849258819
18.02, 0, -849099872, 32759, -849258819
18.03, 0, -849099872, 32759, -849258819
18.04, 0, -849099872, 32759, -849258819
18.05, 0, -849099872, 32759, -849258819
18.06, 0, -849099872, 32759, -849258819
18.07, 0, -849099872, 32759, -849258819
18.08, 0, -849099872, 32759, -849258819
18.09, 0, -849099872, 32759, -849258819
18.1, 0, -849099872, 32759, -849258819
18.11, 0, -849099872, 32759, -849258819
18.12, 0, -849099872, 32759, -849258819
18.13, 0, -849099872, 32759, -849258819
18.14, 0, -849099872, 32759, -849258819
18.15, 0, -849099872, 32759, -849258819
18.16, 0, -849099872, 32759, -849258819
18.17, 0, -849099872, 32759, -849258819
18.18, 0, -849099872, 32759, -849258819
18.19, 0, -849099872, 32759, -849258819
18.2, 0, -849099872, 32759, -849258819
18.21, 0, -849099872, 32759, -849258819
18.22, 0, -849099872, 32759, -849258819
18.23, 0, -849099872, 32759, -849258819
18.24, 0, -849099872, 32759, -849258819
18.25, 0, -849099872, 32759, -849258819
18.26, 0, -849099872, 32759, -849258819
18.27, 0, -849099872, 32759, -849258819
18.28, 0, -849099872, 32759, -849258819
18.29, 0, -849099872, 32759, -849258819
18.3, 0, -849099872, 32759, -849258819
18.31, 0, -849099872, 32759, -849258819
18.32, 0, -849099872, 32759, -849258819
18.33, 0, -849099872, 32759, -849258819
18.34, 0, -849099872, 32759, -849258819
18.35, 0, -849099872, 32759, -849258819
18.36, 0, -849099872, 32759, -849258819
18.37, 0, -849099872, 32759, -849258819
18.38, 0, -849099872, 32759, -849258819
18.39, 0, -849099872, 32759, -849258819
18.4, 0, -849099872, 32759, -849258819
18.41, 0, -849099872, 32759, -849258819
18.42, 0, -849099872, 32759, -849258819
18.43, 0, -849099872, 32759, -849258819
18.44, 0, -849099872, 32759, -849258819
18.45, 0, -849099872, 32759, -849258819
18.46, 0, -849099872, 32759, -849258819
18.47, 0, -849099872, 32759, -849258819
18.48, 0, -849099872, 32759, -849258819
18.49, 0, -849099872, 32759, -849258819
18.5, 0, -849099872, 32759, -849258819
18.51, 0, -849099872, 32759, -849258819
18.52, 0, -849099872, 32759, -849258819
18.53, 0, -849099872, 32759, -849258819
18.54, 0, -849099872, 32759, -849258819
18.55, 0, -849099872, 32759, -849258819
18.56, 0, -849099872, 32759, -849258819
18.57, 0, -849099872, 32759, -849258819
18.58, 0, -849099872, 32759, -849258819
18.59, 0, -849099872, 32759, -849258819
18.6, 0, -849099872, 32759, -849258819
18.61, 0, -849099872, 32759, -849258819
18.62, 0, -849099872, 32759, -849258819
18.63, 0, -849099872, 32759, -849258819
18.64, 0, -849099872, 32759, -849258819
18.65, 0, -849099872, 32759, -849258819
18.66, 0, -849099872, 32759, -849258819
18.67, 0, -849099872, 32759, -849258819
18.68, 0, -849099872, 32759, -849258819
18.69, 0, -849099872, 32759, -849258819
18.7, 0, -849099872, 32759, -849258819
18.71, 0, -849099872, 32759, -849258819
18.72, 0, -849099872, 32759, -849258819
18.73, 0, -849099872, 32759, -849258819
18.74, 0, -849099872, 32759, -849258819
18.75, 0, -849099872, 32759, -849258819
18.76, 0, -849099872, 32759, -849258819
18.77, 0, -849099872, 32759, -849258819
18.78, 0, -849099872, 32759, -849258819
18.79, 0, -849099872, 32759, -849258819
18.8, 0, -849099872, 32759, -849258819
18.81, 0, -849099872, 32759, -849258819
18.82, 0, -849099872, 32759, -849258819
18.83, 0, -849099872, 32759, -849258819
18.84, 0, -849099872, 32759, -849258819
18.85, 0, -849099872, 32759, -849258819
18.86, 0, -849099872, 32759, -849258819
18.87, 0, -849099872, 32759, -849258819
18.88, 0, -849099872, 32759, -849258819
18.89, 0, -849099872, 32759, -849258819
18.9, 0, -849099872, 32759, -849258819
18.91, 0, -849099872, 32759, -849258819
18.92, 0, -849099872, 32759, -849258819
18.93, 0, -849099872, 32759, -849258819
18.94, 0, -849099872, 32759, -849258819
18.95, 0, -849099872, 32759, -849258819
18.96, 0, -849099872, 32759, -849258819
18.97, 0, -849099872, 32759, -849258819
18.98, 0, -849099872, 32759, -849258819
18.99, 0, -849099872, 32759, -849258819
19, 0, -849099872, 32759, -849258819
19.01, 0, -849099872, 32759, -849258819
19.02, 0, -849099872, 32759, -849258819
19.03, 0, -849099872, 32759, -849258819
19.04, 0, -849099872, 32759, -849258819
19.05, 0, -849099872, 32759, -849258819
19.06, 0, -849099872, 32759, -849258819
19.07, 0, -849099872, 32759, -849258819
19.08, 0, -849099872, 32759, -849258819
19.09, 0, -849099872, 32759, -849258819
19.1, 0, -849099872, 32759, -849258819
19.11, 0, -849099872, 32759, -849258819
19.12, 0, -849099872, 32759, -849258819
19.13, 0, -849099872, 32759, -849258819
19.14, 0, -849099872, 32759, -849258819
19.15, 0, -849099872, 32759, -849258819
19.16, 0, -849099872, 32759, -849258819
19.17, 0, -849099872, 32759, -849258819
19.18, 0, -849099872, 32759, -849258819
19.19, 0, -849099872, 32759, -849258819
19.2, 0, -849099872, 32759, -849258819
19.21, 0, -849099872, 32759, -849258819
19.22, 0, -849099872, 32759, -849258819
19.23, 0, -849099872, 32759, -849258819
19.24, 0, -849099872, 32759, -849258819
19.25, 0, -849099872, 32759, -849258819
19.26, 0, -849099872, 32759, -849258819
19.27, 0, -849099872, 32759, -849258819
19.28, 0, -849099872, 32759, -849258819
19.29, 0, -849099872, 32759, -849258819
19.3, 0, -849099872, 32759, -849258819
19.31, 0, -849099872, 32759, -849258819
19.32, 0, -849099872, 32759, -849258819
19.33, 0, -849099872, 32759, -849258819
19.34, 0, -849099872, 32759, -849258819
19.35, 0, -849099872, 32759, -849258819
19.36, 0, -849099872, 32759, -849258819
19.37, 0, -849099872, 32759, -849258819
19.38, 0, -849099872, 32759, -849258819
19.39, 0, -849099872, 32759, -849258819
19.4, 0, -849099872, 32759, -849258819
19.41, 0, -849099872, 32759, -849258819
19.42, 0, -849099872, 32759, -849258819
19.43, 0, -849099872, 32759, -849258819
19.44, 0, -849099872, 32759, -849258819
19.45, 0, -849099872, 32759, -849258819
19.46, 0, -849099872, 32759, -849258819
19.47, 0, -849099872, 32759, -849258819
19.48, 0, -849099872, 32759, -849258819
19.49, 0, -849099872, 32759, -849258819
19.5, 0, -849099872, 32759, -849258819
19.51, 0, -849099872, 32759, -849258819
19.52, 0, -849099872, 32759, -849258819
19.53, 0, -849099872, 32759, -849258819
19.54, 0, -849099872, 32759, -849258819
19.55, 0, -849099872, 32759, -849258819
19.56, 0, -849099872, 32759, -849258819
19.57, 0, -849099872, 32759, -849258819
19.58, 0, -849099872, 32759, -849258819
19.59, 0, -849099872, 32759, -849258819
19.6, 0, -849099872, 32759, -849258819
19.61, 0, -849099872, 32759, -849258819
19.62, 0, -849099872, 32759, -849258819
19.63, 0, -849099872, 32759, -849258819
19.64, 0, -849099872, 32759, -849258819
19.65, 0, -849099872, 32759, -849258819
19.66, 0, -849099872, 32759, -849258819
19.67, 0, -849099872, 32759, -849258819
19.68, 0, -849099872, 32759, -849258819
19.69, 0, -849099872, 32759, -849258819
19.7, 0, -849099872, 32759, -849258819
19.71, 0, -849099872, 32759, -849258819
19.72, 0, -849099872, 32759, -849258819
19.73, 0, -849099872, 32759, -849258819
19.74, 0, -849099872, 32759, -849258819
19.75, 0, -849099872, 32759, -849258819
19.76, 0, -849099872, 32759, -849258819
19.77, 0, -849099872, 32759, -849258819
19.78, 0, -849099872, 32759, -849258819
19.79, 0, -849099872, 32759, -849258819
19.8, 0, -849099872, 32759, -849258819
19.81, 0, -849099872, 32759, -849258819
19.82, 0, -849099872, 32759, -849258819
19.83, 0, -849099872, 32759, -849258819
19.84, 0, -849099872, 32759, -849258819
19.85, 0, -849099872, 32759, -849258819
19.86, 0, -849099872, 32759, -849258819
19.87, 0, -849099872, 32759, -849258819
19.88, 0, -849099872, 32759, -849258819
19.89, 0, -849099872, 32759, -849258819
19.9, 0, -849099872, 32759, -849258819
19.91, 0, -849099872, 32759, -849258819
19.92, 0, -849099872, 32759, -849258819
19.93, 0, -849099872, 32759, -849258819
19.94, 0, -849099872, 32759, -849258819
19.95, 0, -849099872, 32759, -849258819
19.96, 0, -849099872, 32759, -849258819
19.97, 0, -849099872, 32759, -849258819
19.98, 0, -849099872, 32759, -849258819
19.99, 0, -849099872, 32759, -849258819
